<?xml version="1.0"?>
<opencv_storage>
<SVMmodelV_-_2 type_id="opencv-object-detector-hog">
  <winSize>
    48 56</winSize>
  <blockSize>
    16 16</blockSize>
  <blockStride>
    4 4</blockStride>
  <cellSize>
    8 8</cellSize>
  <nbins>9</nbins>
  <derivAperture>1</derivAperture>
  <winSigma>4.</winSigma>
  <histogramNormType>0</histogramNormType>
  <L2HysThreshold>2.0000000000000001e-01</L2HysThreshold>
  <gammaCorrection>0</gammaCorrection>
  <nlevels>64</nlevels>
  <signedGradient>0</signedGradient>
  <SVMDetector>
    -1.23400642e-02 -3.67045105e-02 -2.20690724e-02 -2.31803134e-02
    5.74135780e-02 -3.17538343e-02 1.46119564e-03 -7.31542334e-02
    -2.99061881e-03 1.28642535e-02 4.21337187e-02 -5.74370958e-02
    -1.51403826e-02 -8.84298701e-04 -8.15958902e-02 2.56218519e-02
    -4.42944374e-03 2.09984761e-02 9.29594098e-04 6.03516065e-02
    7.14664208e-03 6.30795658e-02 4.99313362e-02 7.79795125e-02
    -2.72486382e-03 -6.39099395e-03 2.95445658e-02 -4.85567041e-02
    -2.78621074e-03 3.66891958e-02 4.95959632e-02 1.97999123e-02
    1.10563426e-03 1.72820464e-02 2.74723601e-02 2.96739433e-02
    -1.97689999e-02 3.79798710e-02 -6.65178224e-02 -4.69296090e-02
    1.93933230e-02 -1.21009601e-02 -3.29539017e-03 -3.63655342e-03
    7.04122940e-03 1.72805004e-02 5.02624223e-03 5.53603284e-02
    6.32748529e-02 4.59959544e-02 1.67284012e-02 -9.61065814e-02
    2.87595228e-03 -2.07670294e-02 -4.57500219e-02 -6.20065592e-02
    5.16395085e-02 2.95430254e-02 8.99118744e-03 -3.39385346e-02
    -2.77590677e-02 2.35243589e-02 3.98968980e-02 -1.72729306e-02
    3.31070796e-02 -2.99869385e-03 3.77418823e-03 2.30814908e-02
    2.03911383e-02 -4.15520184e-03 3.58643476e-03 6.21439563e-03
    4.40678932e-03 1.10232299e-02 6.08484857e-02 2.51139514e-02
    5.28035834e-02 1.32253366e-02 -6.03781380e-02 -2.19310145e-03
    -2.53735203e-02 9.89753567e-03 -1.59692764e-02 -2.24558078e-02
    -5.15934937e-02 4.89339307e-02 1.13373790e-02 -1.66050103e-02
    -1.45489024e-02 7.51239154e-03 -4.38452438e-02 -3.69346216e-02
    1.11538684e-02 -1.48312626e-02 1.94301140e-02 3.71053629e-02
    -5.71804754e-02 -2.24747676e-02 -3.69601063e-02 3.26119959e-02
    6.42548427e-02 3.02782729e-02 1.10956654e-03 3.43438238e-02
    -4.13084636e-03 -1.33796741e-04 5.22466749e-03 2.45190952e-02
    -8.81575048e-03 3.19108856e-03 3.33874649e-03 -3.68139558e-02
    5.63894175e-02 3.50766932e-03 -5.87406494e-02 -3.24085914e-02
    2.90630553e-02 1.99325420e-02 -5.81506407e-03 -9.67405830e-03
    1.29691195e-02 4.85311635e-02 -4.14879583e-02 -2.90664379e-02
    8.27511679e-03 2.95826886e-02 5.81260286e-02 4.59881425e-02
    3.60905975e-02 1.65614784e-02 -9.86046437e-03 9.39819962e-04
    6.26900606e-03 1.47059672e-02 2.24681366e-02 -3.68559919e-03
    6.25529513e-02 3.51106860e-02 2.35533770e-02 1.62288919e-02
    -3.03967297e-02 -5.06029539e-02 -2.01373305e-02 -1.43103888e-02
    -1.75388623e-02 1.24659250e-02 -6.14720630e-03 3.71609963e-02
    -8.48001335e-03 -2.30162684e-02 -2.51397341e-02 -3.33576351e-02
    2.58578490e-02 -6.26945775e-03 -2.01060735e-02 -5.95925711e-02
    -1.84417572e-02 7.73582933e-03 -1.71279553e-02 5.97112020e-03
    5.49926832e-02 -5.78785548e-03 -8.48032814e-03 3.36381979e-02
    3.77998091e-02 5.27293012e-02 1.80345997e-02 -1.93794761e-02
    -5.21682501e-02 -6.34199679e-02 -6.44467305e-04 2.22365111e-02
    -2.02775653e-02 5.64154088e-02 -1.29658438e-03 -4.96781990e-03
    -1.69293713e-02 -5.93208522e-03 -2.57243104e-02 1.21341953e-02
    7.42141437e-03 2.22627129e-02 -3.25582176e-02 -1.11493878e-02
    6.36865804e-03 -4.08832356e-02 3.78499329e-02 6.59278855e-02
    1.61229353e-02 1.94542371e-02 -2.26890985e-02 1.60964811e-03
    -1.74042881e-02 4.10217084e-02 1.63854677e-02 -6.14462420e-02
    2.25468772e-03 -4.44335341e-02 -4.91898917e-02 -4.26375540e-03
    1.94683857e-02 2.48519182e-02 1.19709549e-02 -3.93720269e-02
    1.06231365e-02 -5.35166822e-02 -3.24661173e-02 -4.08194922e-02
    1.81813608e-03 3.72771174e-02 -2.14411002e-02 4.01764400e-02
    -4.72784927e-03 7.95237068e-03 -1.60454046e-02 -2.78926399e-02
    6.22502454e-02 3.59507240e-02 -1.74764462e-03 -2.51516830e-02
    1.68056302e-02 -1.82453841e-02 -3.11288368e-02 -1.94940269e-02
    1.10094305e-02 2.54662670e-02 -2.07090992e-02 4.40187613e-03
    4.98822629e-02 -1.61846690e-02 -1.98510978e-02 -2.47627255e-02
    -2.41748262e-02 3.60000655e-02 2.60459855e-02 8.35627392e-02
    -1.32856341e-02 -1.63557213e-02 1.36473402e-02 -1.91603508e-02
    2.52408125e-02 5.08064544e-03 1.11188856e-04 5.65252118e-02
    8.54506902e-03 3.04385014e-02 -2.32421551e-02 -4.28772951e-03
    1.71976909e-02 -4.61693387e-03 1.64179113e-02 3.82200666e-02
    5.01104258e-02 1.38743268e-02 1.77763849e-02 2.65024696e-02
    -4.35601920e-03 -3.02514341e-02 6.01755106e-04 -2.15259790e-02
    5.74442558e-02 -5.07616485e-03 -5.11295423e-02 -3.22736576e-02
    1.67305041e-02 -1.27116777e-03 1.49474405e-02 1.36341415e-02
    3.52406278e-02 3.62909921e-02 1.79286730e-02 4.63754404e-03
    4.73259725e-02 3.47950198e-02 -4.14015166e-02 1.97524857e-02
    5.85080357e-03 2.35949773e-02 5.51960953e-02 -3.55884135e-02
    -1.40168981e-04 3.97039689e-02 -5.45129925e-02 1.33880759e-02
    4.70698066e-03 9.42921080e-03 -4.72494023e-04 -2.66263559e-02
    -8.80809128e-03 2.16872916e-02 2.17289217e-02 -2.93058390e-03
    1.56531879e-03 -4.70121950e-02 4.09135073e-02 -5.19692246e-03
    2.18697712e-02 2.69350223e-02 7.26172049e-03 -3.78860086e-02
    4.13583554e-02 6.71379119e-02 -3.03725284e-02 1.65326558e-02
    5.64352013e-02 -4.14235219e-02 -6.77863928e-03 -1.25633236e-02
    8.70621130e-02 -9.60507430e-03 -3.13068856e-03 -3.27432491e-02
    4.62351851e-02 -2.06368696e-02 -2.96364017e-02 2.99039185e-02
    -5.60812233e-03 1.14634680e-02 -3.99978943e-02 3.66251194e-03
    2.53369729e-03 -5.44554181e-03 2.59513017e-02 1.12229595e-02
    1.19330045e-02 -3.36381793e-03 -1.29539017e-02 1.62336044e-02
    5.39353751e-02 -5.96552975e-02 -4.93649542e-02 2.54240390e-02
    -4.69694883e-02 1.12380320e-02 4.52653132e-02 -8.75050202e-02
    -1.42182568e-02 -4.98757735e-02 4.37094010e-02 3.62641439e-02
    2.73773875e-02 5.10421582e-02 -9.31931287e-03 -2.61068102e-02
    1.22510819e-02 -1.57842450e-02 -1.99339390e-02 -1.99829489e-02
    -2.62817517e-02 5.03336778e-03 -3.88735742e-03 -1.31572615e-02
    1.70753971e-02 9.98762250e-03 -4.90405150e-02 -5.79703078e-02
    -1.55014135e-02 7.05741942e-02 4.06400748e-02 -4.24600281e-02
    4.08978648e-02 5.18253036e-02 -9.76854563e-03 6.69708801e-03
    -3.26069966e-02 6.12993538e-03 -4.29793671e-02 2.03832276e-02
    3.86540666e-02 3.72430347e-02 -5.84490784e-02 -4.78214435e-02
    -2.50980235e-03 4.75086942e-02 8.26881677e-02 -2.36847699e-02
    -5.01297228e-02 7.70600736e-02 -5.26512507e-03 1.94712821e-02
    -3.36763449e-03 3.82482894e-02 -3.63160670e-02 -1.23564405e-02
    1.00564789e-02 -1.35299163e-02 -4.18732613e-02 -3.17732133e-02
    1.36338407e-02 4.87568192e-02 -1.42128449e-02 -1.07619958e-02
    6.71969801e-02 -5.50701749e-03 8.07345137e-02 2.04710360e-03
    8.09539482e-03 4.30887192e-02 1.76331382e-02 7.25510493e-02
    -1.44101763e-02 2.32800432e-02 -2.57911421e-02 -6.73788786e-02
    6.31754287e-03 -3.00480016e-02 -1.66347362e-02 6.32934347e-02
    3.89641747e-02 4.65283208e-02 -3.01237255e-02 -1.94359606e-03
    -2.04447135e-02 3.45655950e-04 -2.61038821e-02 -5.60754864e-03
    3.53734620e-04 1.86310243e-02 1.86802577e-02 7.77724246e-03
    1.46946525e-02 3.59861590e-02 -5.69389574e-03 -5.33541441e-02
    4.92707975e-02 1.84450820e-02 9.31806955e-03 -2.07359307e-02
    -1.68227148e-03 -2.22798111e-03 -1.10241221e-02 7.36797787e-03
    2.94845141e-02 1.03762858e-02 4.19412218e-02 5.83828539e-02
    2.38743611e-02 -4.07494940e-02 1.85216474e-03 -1.66621264e-02
    1.76980887e-02 -4.14213137e-04 2.49672029e-02 -3.04574613e-02
