<?xml version="1.0"?>
<opencv_storage>
<SVMmodelH_-_2 type_id="opencv-object-detector-hog">
  <winSize>
    56 40</winSize>
  <blockSize>
    16 16</blockSize>
  <blockStride>
    4 4</blockStride>
  <cellSize>
    8 8</cellSize>
  <nbins>9</nbins>
  <derivAperture>1</derivAperture>
  <winSigma>4.</winSigma>
  <histogramNormType>0</histogramNormType>
  <L2HysThreshold>2.0000000000000001e-01</L2HysThreshold>
  <gammaCorrection>0</gammaCorrection>
  <nlevels>64</nlevels>
  <signedGradient>0</signedGradient>
  <SVMDetector>
    1.77753717e-03 -4.02246527e-02 1.31222866e-02 -3.28665823e-02
    -1.22439936e-02 -1.70017686e-02 -4.31007752e-03 5.01372404e-02
    6.25569895e-02 4.81565343e-03 3.72875966e-02 -1.54534522e-02
    -4.91073215e-03 4.16540466e-02 1.03391292e-04 3.35359238e-02
    -1.98337603e-02 -3.97513136e-02 1.58503298e-02 -1.37227559e-02
    3.92052461e-04 4.05634083e-02 -4.89962325e-02 -2.32640244e-02
    -7.65854353e-03 -8.01086240e-03 1.06114894e-02 5.98600991e-02
    5.63819855e-02 -1.16646662e-02 7.11314455e-02 3.68339829e-02
    5.57375886e-02 5.65082242e-04 6.78468309e-03 5.56659652e-03
    2.92402897e-02 2.41736462e-03 3.89086339e-03 -1.33417919e-02
    -1.73658039e-02 -3.27973105e-02 1.23421173e-03 -2.00881576e-03
    -4.08203006e-02 -2.43774354e-02 -4.02182806e-03 2.11007074e-02
    1.25020444e-02 1.23225874e-03 2.16144472e-02 -5.45618795e-02
    -2.54880916e-03 4.77244183e-02 -2.96626166e-02 -4.86293249e-02
    1.13004176e-02 -3.30581218e-02 -1.09029161e-02 -6.06635259e-03
    -9.55224317e-03 -2.87738023e-03 -1.33366846e-02 3.90190259e-02
    -1.51746841e-02 1.57138295e-02 4.14721072e-02 -1.50078749e-02
    8.08367226e-03 3.27349529e-02 6.91922009e-03 -1.28061092e-02
    -3.35520529e-03 -2.03045905e-02 2.31840238e-02 -2.83571575e-02
    -3.61831812e-03 9.38007026e-04 -1.34216985e-02 -4.75379312e-03
    6.10833131e-02 1.64697357e-02 1.98235679e-02 1.92346219e-02
    -1.12106418e-03 2.89082937e-02 6.85148966e-03 2.02611983e-02
    5.17234318e-02 1.38558466e-02 -1.55120343e-02 -2.52317376e-02
    -6.74095005e-03 -6.68233726e-03 -4.94315028e-02 -6.91332528e-03
    -1.93231814e-02 3.07024810e-02 -4.31962833e-02 -4.88625932e-03
    1.20475227e-02 5.54972030e-02 1.95133407e-02 -6.66867895e-03
    -2.50621904e-02 9.35624074e-03 2.55015329e-05 -5.68133825e-03
    -1.56167354e-02 1.65245868e-02 -1.01742391e-02 7.41435355e-03
    3.87472101e-02 -4.41865735e-02 -1.63285213e-03 6.79623755e-03
    1.53352730e-02 1.67629775e-02 2.89194810e-04 -9.60391760e-03
    3.10114995e-02 1.42676812e-02 9.39347409e-03 2.33998857e-02
    9.21371356e-02 2.43065017e-03 -1.49946157e-02 2.12474242e-02
    4.48879302e-02 -2.16145888e-02 -2.62450222e-02 -1.08331712e-02
    1.97586883e-02 -2.64363922e-02 5.11759780e-02 1.84198301e-02
    -4.94805276e-02 2.91081388e-02 5.28370179e-02 -1.07692340e-02
    3.08677088e-02 8.64502322e-03 1.24138892e-02 2.06661057e-02
    7.60769006e-03 3.86176072e-02 -4.92942613e-03 3.91761260e-03
    2.83972770e-02 -2.63502151e-02 5.21636242e-03 9.78538860e-03
    1.39324171e-02 5.53935841e-02 3.54778096e-02 1.67558584e-02
    -1.38055701e-02 -2.53196253e-04 8.51586345e-04 2.94363238e-02
    -2.17901152e-02 5.50984740e-02 -9.63848259e-04 -6.49996148e-03
    1.16267465e-02 1.71682201e-02 -3.91052105e-02 -1.39010772e-02
    2.97335163e-02 -1.91634204e-02 6.39550574e-03 3.18944268e-02
    -1.73269436e-02 5.41906208e-02 -1.54086351e-02 -7.93127692e-04
    5.53288274e-02 -1.47005180e-02 1.04506547e-03 2.84758247e-02
    -2.81162269e-04 1.11327032e-02 -8.60942248e-03 1.93322096e-02
    2.60133538e-02 -5.02558891e-03 -9.29403584e-03 -6.15421012e-02
    2.73631625e-02 2.33761314e-02 5.13105420e-03 -7.54125649e-04
    4.08012867e-02 1.81228034e-02 -2.20083892e-02 1.99850332e-02
    -1.40843624e-02 3.85722220e-02 1.13790412e-03 4.26687077e-02
    5.89743182e-02 2.98489463e-02 -1.72585919e-02 1.81021523e-02
    -9.65668540e-03 3.49256322e-02 -1.52722923e-02 3.28779854e-02
    2.47252192e-02 8.92927777e-03 5.42352274e-02 -1.38689810e-02
    -8.52213334e-03 -1.07363798e-03 1.53856166e-02 3.01568992e-02
    1.11458302e-02 -5.10701723e-02 -7.09567741e-02 2.18148939e-02
    -9.16065834e-03 1.48569085e-02 -2.52130139e-03 -1.62865072e-02
    5.13903499e-02 -1.24800773e-02 7.49291182e-02 6.94652367e-03
    3.08956690e-02 1.43537577e-02 1.15782898e-02 3.20448242e-02
    4.84475903e-02 -2.66288538e-02 -9.91111249e-03 -8.77031125e-03
    -2.48676352e-02 2.02587955e-02 2.75979433e-02 -1.51894661e-02
    1.55836968e-02 3.45866792e-02 -1.94016527e-02 9.77653265e-02
    -1.79332327e-02 7.68890651e-03 2.97443941e-02 1.43775819e-02
    3.32438126e-02 -1.12862727e-02 1.82548277e-02 -3.38543952e-02
    -1.75246056e-02 1.08445864e-02 1.42415883e-02 1.53772188e-02
    -5.14928112e-03 2.39506294e-03 -2.72734370e-02 -2.25860626e-02
    3.88738737e-02 -3.36791724e-02 3.00921518e-02 -1.30609088e-02
    3.85486335e-02 2.92039402e-02 7.85920322e-02 -4.75951694e-02
    -3.65838744e-02 2.69801053e-03 2.16332693e-02 -2.28004460e-03
    -1.33319581e-02 -4.96105328e-02 -7.77278980e-03 4.35326323e-02
    1.19800856e-02 3.10829990e-02 -7.27202231e-03 3.62440161e-02
    5.68599701e-02 2.62517016e-02 5.21455286e-03 -2.14678422e-02
    -5.94640675e-04 3.89895588e-03 -2.31008474e-02 2.42147297e-02
    -1.53669883e-02 2.14970652e-02 2.04599444e-02 3.45196351e-02
    -2.65439437e-03 3.52048650e-02 1.29031250e-04 -1.37794362e-02
    1.86791960e-02 -2.60929298e-02 -2.31029633e-02 -1.74771342e-02
    -5.75349815e-02 1.00855855e-02 -1.41320121e-03 7.12525565e-03
    -7.17669679e-03 -5.33235110e-02 -7.10463105e-03 -1.26994895e-02
    -9.23146680e-03 -1.15584070e-02 -2.28052326e-02 -3.60778905e-02
    4.14317660e-02 -2.18544174e-02 2.03206856e-02 2.54889540e-02
    -2.40657781e-03 -1.02500413e-02 -1.02287140e-02 -2.19170563e-02
    -1.38384709e-02 -1.28468461e-02 -2.90959496e-02 7.44038681e-03
    -4.88573797e-02 -1.09365908e-03 1.26770195e-02 -5.74295595e-02
    -3.62062193e-02 -9.82108153e-03 -2.50280425e-02 -1.69939213e-02
    -5.09900935e-02 -3.39282234e-03 4.92932368e-03 -7.07093161e-03
    -4.88995239e-02 3.51419188e-02 -1.57866161e-02 2.05995925e-02
    2.13597845e-02 -4.01497819e-02 -3.36811575e-03 -4.21239948e-03
    4.31550015e-03 3.87624986e-02 2.08377484e-02 1.03753561e-03
    2.14417260e-02 -6.03777170e-03 1.49703547e-02 -5.32277972e-02
    -3.00022326e-02 4.66171950e-02 4.78668958e-02 2.61475407e-02
    -2.46502575e-04 1.66725973e-03 -4.26931567e-02 3.85842659e-03
    -2.34201178e-02 7.57400971e-03 7.49869319e-03 -3.51138646e-03
    5.29107824e-02 -1.66499186e-02 2.15443894e-02 -1.16128027e-02
    -1.58921294e-02 2.20837966e-02 2.84629185e-02 -1.92330766e-03
    1.83217619e-02 -6.80065062e-03 -8.14440846e-03 4.79598716e-03
    -7.60015100e-03 2.85957251e-02 -1.12535339e-02 -3.50203887e-02
    7.25486800e-02 1.43612204e-02 1.65855400e-02 2.28851568e-02
    -1.06896050e-02 -5.72987571e-02 1.78797077e-02 -5.40341623e-02
    3.76328616e-03 2.00311840e-02 -4.26371247e-02 3.34402286e-02
    1.45375067e-02 3.34329344e-02 3.55711393e-02 1.27943614e-02
    -2.77206907e-03 1.14665432e-02 -1.40472893e-02 3.82769294e-02
    -3.30815800e-02 1.11671891e-02 8.53201840e-03 -2.80829687e-02
    -4.66317460e-02 -3.30399047e-03 1.16714966e-02 -2.96007725e-03
    -7.05700601e-03 -2.45839600e-02 2.33965237e-02 -1.43178999e-02
    2.03047246e-02 3.17221582e-02 -3.63090523e-02 1.76315680e-02
    2.32349820e-02 -1.02447290e-02 -2.22657938e-02 7.89775327e-03
    -2.01555640e-02 1.43822404e-02 -3.90981138e-02 2.88925059e-02
    -2.39840373e-02 -3.14411707e-02 -3.83629166e-02 1.46249430e-02
    2.93933172e-02 -2.06629839e-02 5.20064309e-03 -9.17559490e-03
    -4.49109590e-03 -3.54748592e-02 -2.41058762e-03 4.30303365e-02
    -5.31613640e-03 3.51920538e-02 6.61160564e-03 2.86861360e-02
    -1.48369260e-02 -2.67248545e-02 -6.34280441e-04 -2.26033721e-02
